import torch
'''
这部分是需要 进行 cfr_traverse的 起始手牌
1. AA    win=0.7356, tie=0.0060, lose=0.2585,  ehs=0.7386
2. KK    win=0.6864, tie=0.0055, lose=0.3081,  ehs=0.6891
3. QQ    win=0.6418, tie=0.0060, lose=0.3522,  ehs=0.6448
4. JJ    win=0.6059, tie=0.0076, lose=0.3865,  ehs=0.6097
5. TT    win=0.5730, tie=0.0080, lose=0.4190,  ehs=0.5770
6. 99    win=0.5350, tie=0.0077, lose=0.4573,  ehs=0.5388
7. AKs   win=0.4931, tie=0.0202, lose=0.4868,  ehs=0.5032
8. 88    win=0.4952, tie=0.0092, lose=0.4956,  ehs=0.4998
9. AQs   win=0.4859, tie=0.0223, lose=0.4918,  ehs=0.4971
10. AKo   win=0.4787, tie=0.0200, lose=0.5013,  ehs=0.4887
11. AJs   win=0.4758, tie=0.0242, lose=0.5000,  ehs=0.4879
12. KQs   win=0.4655, tie=0.0224, lose=0.5121,  ehs=0.4767
13. AQo   win=0.4585, tie=0.0230, lose=0.5186,  ehs=0.4699
14. ATs   win=0.4515, tie=0.0279, lose=0.5206,  ehs=0.4655
15. 77    win=0.4594, tie=0.0086, lose=0.5321,  ehs=0.4637
16. KJs   win=0.4466, tie=0.0231, lose=0.5302,  ehs=0.4582
17. AJo   win=0.4405, tie=0.0256, lose=0.5340,  ehs=0.4532
18. A9s   win=0.4335, tie=0.0328, lose=0.5336,  ehs=0.4499
19. KQo   win=0.4361, tie=0.0215, lose=0.5423,  ehs=0.4469
20. KTs   win=0.4294, tie=0.0258, lose=0.5448,  ehs=0.4423
21. QJs   win=0.4301, tie=0.0243, lose=0.5456,  ehs=0.4422
22. ATo   win=0.4278, tie=0.0274, lose=0.5447,  ehs=0.4415
23. QTs   win=0.4213, tie=0.0273, lose=0.5514,  ehs=0.4350
24. A8s   win=0.4179, tie=0.0338, lose=0.5483,  ehs=0.4348
25. 66    win=0.4281, tie=0.0106, lose=0.5613,  ehs=0.4334
26. KJo   win=0.4177, tie=0.0257, lose=0.5566,  ehs=0.4305
27. JTs   win=0.4156, tie=0.0285, lose=0.5559,  ehs=0.4299
28. K9s   win=0.4130, tie=0.0295, lose=0.5575,  ehs=0.4278
29. A7s   win=0.4091, tie=0.0369, lose=0.5540,  ehs=0.4275
30. KTo   win=0.4117, tie=0.0278, lose=0.5605,  ehs=0.4256
31. A6s   win=0.3966, tie=0.0389, lose=0.5645,  ehs=0.4160
32. QJo   win=0.4004, tie=0.0251, lose=0.5745,  ehs=0.4130
33. A5s   win=0.3910, tie=0.0414, lose=0.5676,  ehs=0.4117
34. Q9s   win=0.3957, tie=0.0275, lose=0.5768,  ehs=0.4094
35. A8o   win=0.3894, tie=0.0374, lose=0.5732,  ehs=0.4081
36. A9o   win=0.3922, tie=0.0314, lose=0.5765,  ehs=0.4079
37. A4s   win=0.3868, tie=0.0420, lose=0.5712,  ehs=0.4078
38. QTo   win=0.3883, tie=0.0272, lose=0.5845,  ehs=0.4019
39. A3s   win=0.3805, tie=0.0415, lose=0.5780,  ehs=0.4012
40. 55    win=0.3965, tie=0.0095, lose=0.5941,  ehs=0.4012
41. K8s   win=0.3841, tie=0.0316, lose=0.5843,  ehs=0.3999
42. J9s   win=0.3816, tie=0.0301, lose=0.5882,  ehs=0.3967
43. A7o   win=0.3739, tie=0.0403, lose=0.5859,  ehs=0.3940
44. K9o   win=0.3786, tie=0.0301, lose=0.5912,  ehs=0.3937
45. JTo   win=0.3795, tie=0.0279, lose=0.5925,  ehs=0.3935
46. K7s   win=0.3757, tie=0.0351, lose=0.5891,  ehs=0.3933
47. T9s   win=0.3772, tie=0.0305, lose=0.5924,  ehs=0.3924
48. A2s   win=0.3664, tie=0.0433, lose=0.5903,  ehs=0.3881
49. K6s   win=0.3666, tie=0.0398, lose=0.5935,  ehs=0.3866
50. Q8s   win=0.3681, tie=0.0317, lose=0.6002,  ehs=0.3839
51. A5o   win=0.3589, tie=0.0448, lose=0.5962,  ehs=0.3813
52. K5s   win=0.3592, tie=0.0431, lose=0.5977,  ehs=0.3808
53. A6o   win=0.3602, tie=0.0398, lose=0.6000,  ehs=0.3801
54. Q9o   win=0.3590, tie=0.0312, lose=0.6098,  ehs=0.3746
55. J8s   win=0.3585, tie=0.0321, lose=0.6095,  ehs=0.3745
56. K8o   win=0.3517, tie=0.0343, lose=0.6141,  ehs=0.3688
57. A4o   win=0.3462, tie=0.0442, lose=0.6097,  ehs=0.3683
58. T8s   win=0.3507, tie=0.0345, lose=0.6149,  ehs=0.3679
59. K4s   win=0.3488, tie=0.0379, lose=0.6133,  ehs=0.3678
60. J9o   win=0.3518, tie=0.0309, lose=0.6172,  ehs=0.3673
61. Q7s   win=0.3478, tie=0.0336, lose=0.6186,  ehs=0.3646
62. T9o   win=0.3466, tie=0.0311, lose=0.6223,  ehs=0.3621
63. K3s   win=0.3411, tie=0.0394, lose=0.6194,  ehs=0.3608
64. K7o   win=0.3412, tie=0.0377, lose=0.6211,  ehs=0.3600
65. 44    win=0.3548, tie=0.0103, lose=0.6349,  ehs=0.3600
66. Q6s   win=0.3404, tie=0.0388, lose=0.6208,  ehs=0.3598
67. 98s   win=0.3437, tie=0.0309, lose=0.6253,  ehs=0.3592
68. A3o   win=0.3361, tie=0.0457, lose=0.6183,  ehs=0.3589
69. Q8o   win=0.3395, tie=0.0326, lose=0.6279,  ehs=0.3558
70. A2o   win=0.3357, tie=0.0399, lose=0.6243,  ehs=0.3557
71. K6o   win=0.3336, tie=0.0390, lose=0.6274,  ehs=0.3531
72. T7s   win=0.3342, tie=0.0343, lose=0.6316,  ehs=0.3513
73. J7s   win=0.3337, tie=0.0336, lose=0.6327,  ehs=0.3505
74. Q5s   win=0.3287, tie=0.0401, lose=0.6312,  ehs=0.3488
75. K2s   win=0.3267, tie=0.0396, lose=0.6337,  ehs=0.3465
76. 97s   win=0.3259, tie=0.0347, lose=0.6394,  ehs=0.3432
77. 87s   win=0.3267, tie=0.0326, lose=0.6407,  ehs=0.3430
78. K5o   win=0.3179, tie=0.0420, lose=0.6401,  ehs=0.3389
79. J8o   win=0.3212, tie=0.0348, lose=0.6439,  ehs=0.3387
80. Q4s   win=0.3178, tie=0.0394, lose=0.6429,  ehs=0.3375
81. 33    win=0.3314, tie=0.0100, lose=0.6586,  ehs=0.3364
82. Q3s   win=0.3162, tie=0.0369, lose=0.6469,  ehs=0.3347
83. J5s   win=0.3150, tie=0.0369, lose=0.6480,  ehs=0.3335
84. J6s   win=0.3155, tie=0.0352, lose=0.6493,  ehs=0.3331
85. T8o   win=0.3151, tie=0.0348, lose=0.6502,  ehs=0.3325
86. K4o   win=0.3101, tie=0.0424, lose=0.6475,  ehs=0.3313
87. 98o   win=0.3132, tie=0.0326, lose=0.6541,  ehs=0.3296
88. K3o   win=0.3068, tie=0.0411, lose=0.6522,  ehs=0.3273
89. Q6o   win=0.3075, tie=0.0393, lose=0.6532,  ehs=0.3272
90. Q7o   win=0.3087, tie=0.0367, lose=0.6546,  ehs=0.3270
91. J4s   win=0.3075, tie=0.0387, lose=0.6539,  ehs=0.3268
92. J7o   win=0.3063, tie=0.0353, lose=0.6584,  ehs=0.3239
93. 86s   win=0.3066, tie=0.0347, lose=0.6587,  ehs=0.3239
94. 96s   win=0.3052, tie=0.0360, lose=0.6589,  ehs=0.3232
95. T6s   win=0.3047, tie=0.0364, lose=0.6590,  ehs=0.3229
96. Q2s   win=0.3034, tie=0.0367, lose=0.6599,  ehs=0.3217
97. T7o   win=0.3009, tie=0.0365, lose=0.6625,  ehs=0.3192
98. 76s   win=0.2997, tie=0.0360, lose=0.6644,  ehs=0.3176
99. Q5o   win=0.2939, tie=0.0449, lose=0.6613,  ehs=0.3163
100. K2o   win=0.2936, tie=0.0406, lose=0.6657,  ehs=0.3139
101. 97o   win=0.2943, tie=0.0363, lose=0.6694,  ehs=0.3124
102. 87o   win=0.2945, tie=0.0351, lose=0.6704,  ehs=0.3121
'''
# 下面是需要剪枝的起始手牌
'''
103. J3s   win=0.2894, tie=0.0387, lose=0.6719,  ehs=0.3087
104. T5s   win=0.2883, tie=0.0370, lose=0.6746,  ehs=0.3069
105. 95s   win=0.2875, tie=0.0373, lose=0.6752,  ehs=0.3062
106. Q4o   win=0.2849, tie=0.0408, lose=0.6743,  ehs=0.3053
107. 75s   win=0.2883, tie=0.0335, lose=0.6782,  ehs=0.3051
108. J6o   win=0.2846, tie=0.0404, lose=0.6750,  ehs=0.3048
109. T4s   win=0.2866, tie=0.0353, lose=0.6781,  ehs=0.3043
110. J2s   win=0.2852, tie=0.0353, lose=0.6795,  ehs=0.3029
111. 22    win=0.2954, tie=0.0117, lose=0.6929,  ehs=0.3013
112. 85s   win=0.2835, tie=0.0347, lose=0.6818,  ehs=0.3008
113. 65s   win=0.2836, tie=0.0338, lose=0.6827,  ehs=0.3004
114. 86o   win=0.2781, tie=0.0364, lose=0.6855,  ehs=0.2963
115. T3s   win=0.2774, tie=0.0371, lose=0.6855,  ehs=0.2960
116. Q3o   win=0.2754, tie=0.0394, lose=0.6852,  ehs=0.2951
117. T6o   win=0.2762, tie=0.0374, lose=0.6864,  ehs=0.2949
118. J5o   win=0.2752, tie=0.0386, lose=0.6862,  ehs=0.2945
119. 54s   win=0.2761, tie=0.0365, lose=0.6875,  ehs=0.2943
120. 96o   win=0.2727, tie=0.0355, lose=0.6917,  ehs=0.2905
121. Q2o   win=0.2702, tie=0.0388, lose=0.6911,  ehs=0.2895
122. 64s   win=0.2701, tie=0.0362, lose=0.6937,  ehs=0.2882
123. 76o   win=0.2702, tie=0.0346, lose=0.6953,  ehs=0.2874
124. 94s   win=0.2675, tie=0.0360, lose=0.6965,  ehs=0.2855
125. T2s   win=0.2673, tie=0.0360, lose=0.6966,  ehs=0.2854
126. J4o   win=0.2647, tie=0.0376, lose=0.6977,  ehs=0.2835
127. 84s   win=0.2656, tie=0.0345, lose=0.6999,  ehs=0.2829
128. 93s   win=0.2645, tie=0.0355, lose=0.7000,  ehs=0.2822
129. 74s   win=0.2631, tie=0.0350, lose=0.7019,  ehs=0.2806
130. J3o   win=0.2601, tie=0.0375, lose=0.7025,  ehs=0.2788
131. 92s   win=0.2585, tie=0.0347, lose=0.7068,  ehs=0.2758
132. 53s   win=0.2558, tie=0.0332, lose=0.7110,  ehs=0.2724
133. 75o   win=0.2505, tie=0.0390, lose=0.7105,  ehs=0.2701
134. T5o   win=0.2500, tie=0.0385, lose=0.7116,  ehs=0.2692
135. 83s   win=0.2509, tie=0.0345, lose=0.7147,  ehs=0.2681
136. J2o   win=0.2504, tie=0.0353, lose=0.7143,  ehs=0.2681
137. 63s   win=0.2498, tie=0.0362, lose=0.7139,  ehs=0.2679
138. 95o   win=0.2484, tie=0.0381, lose=0.7136,  ehs=0.2674
139. 65o   win=0.2465, tie=0.0389, lose=0.7146,  ehs=0.2660
140. 43s   win=0.2494, tie=0.0326, lose=0.7180,  ehs=0.2657
141. 85o   win=0.2446, tie=0.0402, lose=0.7152,  ehs=0.2647
142. 73s   win=0.2478, tie=0.0336, lose=0.7185,  ehs=0.2647
143. T4o   win=0.2447, tie=0.0385, lose=0.7167,  ehs=0.2640
144. 82s   win=0.2465, tie=0.0309, lose=0.7226,  ehs=0.2620
145. 52s   win=0.2448, tie=0.0316, lose=0.7237,  ehs=0.2606
146. 54o   win=0.2420, tie=0.0362, lose=0.7218,  ehs=0.2601
147. T3o   win=0.2379, tie=0.0394, lose=0.7228,  ehs=0.2576
148. 72s   win=0.2368, tie=0.0337, lose=0.7295,  ehs=0.2536
149. 62s   win=0.2354, tie=0.0290, lose=0.7357,  ehs=0.2498
150. 74o   win=0.2322, tie=0.0352, lose=0.7327,  ehs=0.2498
151. 64o   win=0.2316, tie=0.0354, lose=0.7330,  ehs=0.2492
152. 42s   win=0.2334, tie=0.0312, lose=0.7353,  ehs=0.2490
153. 84o   win=0.2294, tie=0.0364, lose=0.7342,  ehs=0.2476
154. 94o   win=0.2276, tie=0.0398, lose=0.7326,  ehs=0.2475
155. 32s   win=0.2301, tie=0.0313, lose=0.7386,  ehs=0.2458
156. 93o   win=0.2230, tie=0.0370, lose=0.7400,  ehs=0.2415
157. T2o   win=0.2213, tie=0.0374, lose=0.7413,  ehs=0.2400
158. 53o   win=0.2177, tie=0.0355, lose=0.7468,  ehs=0.2354
159. 92o   win=0.2142, tie=0.0370, lose=0.7487,  ehs=0.2328
160. 73o   win=0.2120, tie=0.0343, lose=0.7537,  ehs=0.2292
161. 83o   win=0.2117, tie=0.0341, lose=0.7542,  ehs=0.2287
162. 43o   win=0.2100, tie=0.0337, lose=0.7562,  ehs=0.2269
163. 63o   win=0.2079, tie=0.0350, lose=0.7571,  ehs=0.2254
164. 82o   win=0.2061, tie=0.0352, lose=0.7588,  ehs=0.2236
165. 62o   win=0.1971, tie=0.0328, lose=0.7700,  ehs=0.2136
166. 52o   win=0.1971, tie=0.0325, lose=0.7704,  ehs=0.2133
167. 72o   win=0.1940, tie=0.0335, lose=0.7725,  ehs=0.2107
168. 42o   win=0.1925, tie=0.0319, lose=0.7756,  ehs=0.2084
169. 32o   win=0.1812, tie=0.0337, lose=0.7852,  ehs=0.1980
'''